1153608495 2670473107
4235823761 499438176
3302377851 3868514948
1340448813 63239900
2979561293 4115471355
3762696695 1498076480
786915582 1166651193
4099974797 2677480366
4235823761 1527032767
792377380 2996633428
2852290363 3441150367
4047512848 2963299227
1246774840 3913131554
4189398137 360032703
2969603118 3773332550
2610393710 2450633698
2564199087 780329299
1398289256 3724596593
323945945 50253770
1340448813 3386364508
3493684937 1233648228
2470615068 3113808523
4134053359 3206539891
689142163 2334988191
1081813048 646499386
1340448813 351383240
3430998595 1063838964
1340448813 2477912581
1282021652 162775790
232146487 3995011437
1398289256 1101419034
3430998595 636076900
1411635030 2813468324
3234664507 2225178818
2388254108 1042671818
3113808523 2674148063
3116584528 622810449
1689258194 838847321
3261364035 3621045126
1398289256 1906421350
1246774840 343449930
293535834 3619192759
1340448813 2886185713
1444914361 3236992470
4235823761 993055881
3234949716 2181358915
3368924522 2357090539
2522960425 3696405687
2982821238 1307651050
1447631162 357818219
2180517885 216956438
1447631162 2106083255
2187092297 677316649
1703115264 1096799328
2920122288 397824782
3581005070 3080368107
4235823761 2376913671
2333309531 3661632846
1340448813 2261749239
3041634374 391706951
457039388 121044307
3302377851 578175192
96158727 3963150202
1081813048 2197164013
1340448813 1113266974
4223013389 2759972176
2920122288 2572650570
1834891491 957551451
1340448813 1939729410
247938799 4272250989
2852290363 3718426282
3302377851 677770235
3575934726 248337645
1340448813 887780023
1081813048 3511583931
1081813048 932990599
1081813048 3254275736
2418597795 3986533068
1021176825 3417925240
3547959071 1712213527
2737048853 4147440726
232146487 3965979159
3400346230 4288108009
2820743944 1787881504
1649288546 2586639037
1732329416 2202264133
1398289256 809686828
1398289256 140709953
3726847628 898985301
1059266190 2955656161
94943236 1297400635
2942142424 657568946
1712431932 2838670116
3153451296 1755102683
3602947293 104172581
3430998595 3100747084
3794378596 2370679145
4235823761 1785543843
1081813048 816476782
63380903 2847160282
567361775 837067915
1081813048 1183682350
3372301873 1107886519
1398289256 736493745
1765936970 1207936186
3641621976 3696123196
2940173424 1735042999
1398289256 1875982564
509583497 392204573
1340448813 1333591583
525279812 4150552152
3539142232 2135796301
3694119314 2605254985
1475611676 2029766165
2537545255 1082383288
3261857074 2626836504
4095663930 460487146
3384665572 2180517885
2943638476 1672710567
1340448813 3120624764
1081813048 1876870298
3795235906 2148536029
1649288546 1044365043
1081813048 168418025
525279812 1062929
309390911 2905792919
2325437680 2231175867
958379651 4131625942
786915582 232041142
1340448813 2938106410
651580215 3175533896
113043308 3433350306
3962323543 2668292836
2834236248 2771063780
1081813048 1954687226
210371509 323767356
1021176825 109442475
380657978 2211863352
884014135 3296608427
86908171 3807550080
1340448813 1263518432
1840204960 3118464378
3993997756 2262343951
1273325300 1718829918
4235823761 347222365
3993997756 3906933349
1226708908 3195098202
2088499307 2255411188
3669355940 4141273540
1246774840 120833806
3298166946 1118410752
1340448813 394275030
2629692410 721480404
2651820608 1438904491
3971362 1440181142
3993997756 3762972931
1703115264 225440097
1447631162 3553613362
2180517885 2979998152
1340448813 3301669335
2515486175 2823081630
3014575173 3696405687
1214734401 384969562
1808237776 2364307281
1340448813 1388822820
3302377851 4231242018
1082995626 2457301744
3261364035 747085867
1340448813 2789692156
2932198739 4066809967
3411240317 3709638998
1059266190 208530402
1340448813 3033076903
4115151024 2276235628
1346440804 1749841464
104172581 4262199235
1601819504 857297176
3572886550 1924171764
2187092297 2896857355
3708048084 1916907582
523615484 1544986757
154199100 2396998449
1336836617 1720109934
4258170047 3411225412
182587214 231799823
1059266190 3697778372
1081813048 1714992262
2180517885 1082431780
4018024232 2739374744
1398289256 1781447538
372467225 3036681033
4099974797 2014900629
4115151024 2276235628
1340448813 2137473628
1808237776 1464033675
1128947163 1604072270
3510157760 2422280825
2820743944 546599188
1557857218 1097607872
3267725165 1794511378
724927087 1444914361
2496971623 3251948778
1340448813 3863726686
2820743944 2935122132
1153608495 1855625966
2955334002 295561779
2338933296 2886544733
1057474809 286728547
1732329416 755736491
3219632207 2975730219
1340448813 2532478434
1340448813 3572850591
3762696695 2150275816
3430998595 232041142
651580215 1346743005
1444914361 1338704607
2979561293 1450726996
1447631162 3745850352
26341058 2951096038
509583497 3148403535
1081813048 3356072835
2180517885 3469984833
1340448813 4108353190
1398289256 3500087958
2316348062 231799823
3302377851 3667182669
3302377851 1875174548
4015685845 2886544733
2699569766 74356350
101525219 973743665
2777693378 3484094859
1834891491 641768084
1573483740 1153608495
1674309166 1103907772
1969277956 641768084
1334720483 1858625531
1447631162 2082460490
2180517885 357818219
1840204960 269290399
3794378596 3543696386
509583497 3232895755
3114369700 4121128106
2088499307 27489855
1340448813 3789629842
86908171 2028099432
2047090128 2656307026
1153608495 2811579663
1963074595 1843130696
1340448813 1593027468
3762696695 1788791467
3153451296 2728107674
3315000208 3966626836
1021176825 3495973219
1398289256 2439764834
792377380 3302377851
3660118908 1878939307
2521618321 117123857
3762696695 2721863830
2996633428 1153608495
1153608495 3419995967
1246774840 2468845182
4235823761 3281429033
2656307026 1901879951
3761813038 359465041
1902360431 2140564348
1340448813 131454004
1340448813 44752152
2155160579 2587913706
957551451 1540838288
4235823761 2881920381
1907270305 4264683605
3669355940 2913534036
633142177 2422280825
3636841290 2452793012
1398289256 4216292745
1081813048 1545160616
2875946887 2920122288
1081813048 4073591337
964334558 4131933409
2852290363 2523383335
3435991192 3108905670
792377380 1153608495
1226519019 2698812789
1340448813 1071231203
1340448813 552466276
3163101224 2263485405
1153608495 1947866850
525279812 795644148
3761813038 1772937695
3163101224 2836702799
2479332856 2656307026
457039388 2497548126
2797615647 3908676852
210371509 3621579651
2990390830 3568975677
1340448813 1296294594
1549076139 3518074571
2775722555 3416879418
3654502180 2317015764
3302377851 4013899333
1808237776 3906423960
2434001206 1191577059
1081813048 1974341701
3539142232 720101847
1556524874 127498184
1117393021 2605254985
3794378596 1969277956
4099974797 659884530
3762696695 1100578910
1959448562 2144268572
3794378596 79653930
967608774 4205723133
1081813048 3378882550
94943236 1839585672
1081813048 2310899175
3261364035 3527769542
1340448813 3516450748
2894778828 2910168918
1021176825 3783347920
2777693378 1815160659
1340448813 758563258
96158727 4169455347
1081813048 2623768144
3544606903 4197103326
2282519479 1840204960
2940173424 2839230502
3277856062 3083606435
72191147 1075568174
457039388 960224192
3430457363 4113844793
4235823761 1201807988
3439642798 2165339076
3041634374 182673112
4235823761 2188520354
1021176825 3516119390
1340448813 552730922
1277155701 3546391202
1059634225 2536380380
4258024504 4264064569
3962323543 1379625721
104172581 3880126310
815595696 3401213476
2180517885 3234664507
2920122288 1128553171
1818795345 2827343794
3009704729 23900866
790366868 3810710446
1340448813 103843073
4223013389 2194274274
3539142232 767058973
2852290363 1663649610
3409245076 1064238456
815595696 392999464
1081813048 108526122
1499385911 3924440924
1179224661 4104871645
2920122288 1185751714
2920122288 169738739
1889609052 3890561077
651580215 2504666689
1649288546 2346669168
957551451 1184994539
1064238456 2410589374
1015625076 2875946887
3529889022 2410923107
380657978 1301687150
3041634374 2428671355
792377380 1051267180
1340448813 2951961445
3728984689 3188574487
525279812 428686051
517728797 1394152206
865487652 2124595637
1340448813 2641268727
2594452739 2691292045
2434001206 3661068044
4258170047 1372016927
1081813048 1995037015
1090040562 3199648661
4235823761 3097879743
1340448813 441761254
1444914361 2333309531
2820743944 2972661579
3546284321 816811594
1379955216 2869838264
2524315429 4191356916
1340448813 3207169252
2747614723 316506026
2058417997 1164943087
3529889022 3323047902
1059266190 3860420942
1081813048 3682276280
2664545197 2547034153
247938799 1209317583
1336836617 2259635406
1340448813 285390531
1901879951 2079040367
309390911 3696405687
1340448813 3753833425
4235823761 1332956008
1625118526 215421983
3302377851 578175192
3014575173 2905792919
1398289256 1424435360
1935672436 3432066979
3986234415 2189778761
1081813048 2429530856
1458967084 1285125681
1334720483 899402601
3430457363 1680564074
1761208520 2571073814
2852290363 2616965224
1340448813 3228238485
2809634619 201312138
1382414851 2890765773
4258170047 1372016927
3869578039 1444914361
1340448813 582188537
517728797 3439687605
1889609052 3963837357
3306527940 2159557275
4258170047 2407785120
2996878384 4247501400
3250072912 3493487745
2905792919 568950035
792377380 1051267180
2629692410 2905792919
525279812 900944796
3539142232 1287622317
1398289256 3633926159
2632733411 2674189399
3529889022 2666573906
1081813048 85957868
1081813048 3010136035
1340448813 1413103729
3234844998 2431209260
3525408059 1168198451
1834891491 3108905670
1081813048 875679761
1440181142 2155141095
1340448813 3125882335
4223013389 3066384713
2656307026 625852879
4041806865 3449947788
2834236248 3928487212
3430998595 1063838964
1081813048 974568659
1340448813 3619176622
861274709 2013336644
3642977830 1746003380
2920122288 2005158187
1340448813 1706555473
2979561293 232146487
386270219 2333902747
568950035 2048235999
1021176825 770224350
1081813048 2926220472
1153608495 1006189826
2113197995 1796282814
2921754514 4035011871
2244846714 2147409611
3762696695 2095554235
1492733835 2148536029
2990390830 1489292239
3430998595 786915582
1340448813 1140610066
2706697899 3638063862
3163101224 218710235
1712431932 1886591534
180171826 1035423658
2225178818 537812487
3430457363 2541084490
3869578039 2148536029
3993997756 446783449
1153608495 649435535
1340448813 1561553072
2960653981 359465041
1840204960 948168410
2820743944 43232287
1545175675 2773798267
3302377851 3650483429
108580513 2408210533
2326836841 2602101508
3867556458 3591597343
525279812 4214391463
1818169594 1604573264
1591609120 1143423336
3413144832 1360491887
3468404999 3583350061
1491117101 672329680
4018024232 2302705358
3840834295 199689820
2480672237 792377380
2952099571 1796135280
3090372116 3696405687
1081813048 2524053025
1340448813 1333591583
1340448813 2916524959
2920122288 3948702288
3014575173 3696405687
1681603123 2477270287
651580215 1679391148
517728797 1346928252
3163101224 2652771756
2990390830 920699125
2920122288 3670998922
509583497 1598129471
3277856062 3310208112
3430998595 3100747084
2960653981 2701383337
3641621976 2262886913
3163101224 2466142233
815595696 1728865722
2515486175 2237955768
1499385911 1027040913
1772937695 2276235628
4242627507 2905792919
3653692790 1330862495
3993997756 2248803529
3302377851 3520821656
3653692790 3177303929
2926196935 655419619
676084049 3600162115
525279812 791842563
3861664830 2886544733
517728797 490878912
815595696 1934813618
964542390 1957489678
4223073055 1301687150
1398289256 4112614844
3113487504 2695336226
2820743944 3795589683
1499385911 3933958647
3238737443 2508569959
3315277650 2152078184
690935292 2248543328
1194421766 3670997232
2982476288 500303857
2852290363 435134186
509583497 2528714268
1021176825 3370545330
1021176825 937712796
1834891491 3543696386
1153608495 246953252
1761208520 3293672289
1340448813 3910718410
3315277650 3219012782
509583497 721312743
1280093061 1004999974
1340448813 1660717966
1703115264 3133344189
4018024232 231799823
2920122288 951992806
1787749184 4260881947
1153608495 2877849847
1398289256 2100182663
4235823761 1613107038
3539142232 3164905891
2666005252 2995132914
1398289256 274303590
1510245714 4154028833
2303467498 1382414851
1340448813 2379549669
104172581 2296388837
1340448813 517047709
1057474809 1064238456
1081813048 1921606627
1081813048 2342494786
2354695659 1562515209
3311914466 3696405687
1340448813 2579633024
419086169 2381639227
3895676183 890898924
2920122288 2190610857
2629692410 721480404
1340448813 1852091606
1340448813 2399507050
4095663930 2870979094
1732329416 3054923656
3546284321 767359154
3315277650 749604462
1840204960 948168410
457039388 1351950422
651580215 1623288679
3234664507 359465041
389947152 2163598075
948731266 1553037496
3493684937 1522571462
2048526935 589792976
3859953748 767359154
1340448813 2362005247
932101242 232041142
1021176825 2858052490
1280093061 1004999974
567361775 760528590
2463897732 1444914361
3728984689 540439614
1340448813 2616136929
948419461 568950035
3430457363 2993818381
2820743944 543533067
1703115264 2666573906
3993997756 2413944529
1398289256 4132125833
1153608495 662580165
568950035 1079025385
3918054591 3918054591
634136717 1814077286
1230073384 494274011
1340448813 736493745
3385853567 1675191822
2316348062 231799823
3234664507 2225178818
3016916146 760183679
94943236 4043483213
1438278450 1500404741
1660994753 4113660055
3122829079 3130439916
1273325300 2905792919
2895520305 2790347490
3430457363 1815105131
2656307026 625852879
3302377851 2180354992
633142177 2422280825
3602947293 1802369305
1398289256 568368949
2960653981 2159557275
2522960425 3661882690
1823594815 351272562
4258170047 2654932065
247938799 1627729870
1382280263 2885705126
567361775 1034828321
3007694821 3022520500
1153608495 1857706582
1732329416 3906423960
747117632 2148536029
1340448813 3789629842
1398289256 3465744738
3794378596 3904736192
417977804 313386336
182587214 3869578039
450057910 3966427981
1334720483 4045893039
445635732 542744647
1340448813 2629914565
3661068044 3827399931
1246774840 1920092609
2820743944 3828070991
1732329416 3317858849
1340448813 67160041
2920122288 957387725
1944087044 3696405687
1840204960 3579785038
3966427981 2544122612
3581005070 2396006008
3894176491 2393037956
1925917761 1642917794
593715925 480196764
4235823761 2195172088
517728797 1004827486
1334720483 238078273
2381989121 1464504101
1340448813 578891532
3762696695 1351432648
682251238 2010224110
1081813048 2568590155
1772937695 3761813038
3041634374 1458584122
3041634374 2817406501
1749636642 2498800223
2085084853 2976688613
2610393710 2198669113
2920122288 2056280849
3762696695 1696625529
1240893309 3003070471
3261364035 1696625529
1164059714 4286383884
2861110064 215421983
3504155748 1473108176
4210643765 1304468910
525279812 3773588706
948419461 2147409611
3865635911 2074252463
794825831 2445917077
1059266190 2848797828
3640650410 1862296757
1340448813 3551470699
3029496000 359465041
3306527940 987739012
1081813048 1213065434
3712057732 1598816450
1398289256 869575183
2920122288 3102051105
2700890355 1732291672
2626836504 3947093685
309390911 1444914361
2394392036 2284299839
1340448813 947613327
1340448813 2049536034
3762696695 1136531539
3728984689 2704899501
4235823761 4130235307
3385853567 2058274433
1447631162 26341058
3182349779 4063534903
1340448813 258842537
2364532878 426366449
1840204960 2478547593
2088499307 1002254364
4250894340 2276235628
1681032441 709868288
1340448813 1242372935
2979561293 4041482420
3993997756 3225496783
1834891491 641768084
1153608495 990163298
1021176825 2881762560
1689236373 1338704607
3163101224 1199384166
3002154963 3712202813
210371509 4277554551
3995011437 4142222654
3030026502 2656307026
3546284321 1892457693
2592142383 2380362499
957387725 23070582
3539142232 353483532
2339552630 1798220668
1340448813 3334394145
3044899479 1059266190
3030026502 2236537512
1703115264 1908417867
1398289256 1334885054
2990390830 2954458254
3669355940 2564239160
3261364035 455505695
97297431 1774999396
1340448813 2736093930
568950035 578175192
2333309531 108977582
1340448813 1677232055
1301687150 3910890654
4059732997 600332365
2847366021 73820987
567361775 1955966237
3302377851 885672730
3795235906 1444914361
845280732 2046774278
2513645549 2545331629
1128947163 2695391847
1081813048 987450588
3986234415 2169751688
1340448813 4026960282
4223013389 2310227305
1081813048 1395390496
1340448813 807196668
1340448813 313083631
4235823761 4041482420
1194814268 2630017645
214515935 2635296553
2236790950 964832478
1081813048 2586520809
3182462755 3049952429
3653692790 2571042414
3309820513 4023564457
1059266190 957551451
2174551653 2140879762
1340448813 156029603
3302377851 1085995935
1333221875 3288637698
3762696695 146793401
525279812 245885614
2951096038 3529589265
3655305217 1830594168
1398289256 4094429377
977092923 4141889161
4141889161 2731026840
3315277650 3281429033
634136717 2728316370
3986234415 4183462009
3782484304 1302799326
3384665572 2180517885
2626836504 4236420508
3762696695 504815636
1424425325 583349745
1499385911 3888064579
3605373508 3801168225
1340448813 2559379952
2370131332 1442649528
1889609052 3400346230
1340448813 63721172
1625118526 4030615611
934505944 1802369305
3986234415 701558107
864547308 804421611
3378281360 1029369235
3550254136 362985429
2664545197 818818714
303624899 2466462620
3841253227 3396091875
2929781189 4043841843
509583497 2537442815
791300060 4017912183
605111791 480232181
2339552630 1798220668
3712057732 1796562435
2703755659 1950506437
525279812 1680564074
3302377851 890505315
3762696695 2747864780
1009421962 1234719569
3163101224 2979998152
3430457363 2251065687
2515486175 1344574431
525279812 500685416
4223013389 2776533667
2180517885 1537577791
1732329416 2136279506
293535834 2706452596
4095663930 1459868466
1398289256 280703080
3315000208 1802470254
1398289256 552730922
1340448813 171966129
4235823761 1210687811
1027624198 1336836617
1081813048 2563229090
2079771168 3242686877
932101242 3100747084
1398289256 367106902
4177518315 1469513097
1087978313 1366254029
1808237776 342928341
509583497 951093356
1340448813 3629098859
2072001588 3238401358
1021176825 3942671046
1340448813 1415209730
1834891491 208530402
2921754514 3484671894
1447631162 1537577791
1021176825 3593834885
3551576999 3231605313
3163101224 1510223484
1081813048 1503262630
4095663930 821484024
1340448813 2283041906
3302377851 4177020444
3539142232 4030699483
2180517885 3944622329
3993997756 2248803529
1944087044 3696405687
668337580 3121331142
1323997553 409666100
1301687150 4242023969
1689258194 2822115721
2515486175 639398991
1447631162 56263105
186263711 2246556738
4235823761 1999444784
1840204960 269290399
1081813048 1585996143
4015777754 1982372662
520468506 2951407045
1398289256 474216452
1153608495 3719966103
1340448813 3188679215
3022520500 1881942001
3794378596 4228452009
3261364035 3675178429
1340448813 3311959995
3261364035 3865635911
2783927279 2739374744
1703115264 3125565622
2732748581 2216371563
934505944 2038818709
864547308 50253770
1153608495 1554116324
3315277650 3352871174
1153608495 3484094859
2088499307 3994033063
1447631162 169738739
2915917886 3735982326
1340448813 125544150
2879147703 491410759
2820743944 824400337
2777693378 816493466
681449037 2951506478
1081813048 889206616
83760928 1481738922
1346440804 1483392385
1340448813 2387480485
4007959744 1696649741
4235823761 659068848
3130011131 141957533
2969603118 594377867
2805455147 2862660019
1024557463 2381522431
1635777801 2057289997
1447631162 2920122288
3529889022 2364307281
1340448813 2465583822
2057996936 4192722631
3298166946 2685305294
2852290363 577815065
3708048084 3933180796
1566571230 1432153781
1340448813 2677709134
3261364035 3734986866
2504621536 200520068
2174551653 1802369305
1340448813 3419216093
1340448813 1726233678
3029496000 359465041
1545175675 1431019241
2902105515 2615234680
1573483740 2920122288
3859527632 234640385
1257266636 4017912183
3315000208 4164863283
3315277650 1983532725
457039388 2234342291
1845365989 2901984027
1081813048 2426009087
568950035 470476583
2316348062 231799823
1732329416 2583838546
3712057732 2676826548
1340448813 552466276
948419461 695960785
509583497 1618771919
4107949635 655419619
3706442089 8747064
3762696695 1592412322
957551451 1163014975
4235823761 3150040987
3163101224 670728651
509583497 51398985
3682544399 1563633909
517728797 3431050132
1059266190 3543696386
1246774840 4075303723
525279812 1189238355
3869578039 2292508614
3575934726 1968682176
2176726646 3075899196
1081813048 3623144298
4047512848 2886220341
1340448813 33078606
3234664507 359465041
1317310483 3761813038
2920122288 3173433401
1153608495 3744702369
2180517885 3969641115
4115151024 2276235628
1758689590 4122953857
1021176825 49620038
861274709 2783491260
2629692410 2054611006
1398289256 1344806357
1081813048 709409208
2148536029 1967538220
3163101224 2603536474
3411240317 1970797587
4235823761 1430146087
677316649 730858232
3302377851 2995263313
4018024232 2230443067
1340448813 4139344792
1246774840 3544038954
3762696695 3115852965
1340448813 1015161722
1039113211 215421983
1340448813 3807595233
3859953748 2839387908
3114369700 2094112733
126922420 2783927279
1398289256 1028896640
275635808 1906966606
2046774278 1471384154
1398289256 1518773089
1027624198 3444381089
2047090128 434402458
1340448813 615604245
4235823761 2918854741
3995011437 4041559110
1560156060 399412228
523615484 1544986757
3696405687 1960517909
4258170047 680444541
1340448813 1604517065
1398289256 733103350
1226519019 2698812789
3762696695 403116104
593715925 180022190
1732329416 543693158
1027624198 4278816900
1051267180 3302377851
1681603123 3800085560
3163101224 3687022190
2920122288 2996231212
3139526270 590417531
1081813048 1655712790
1340448813 1903072268
1029642247 1797309326
2895520305 1959373350
568950035 3240343643
1081813048 155450815
4231242018 957387725
94943236 2954728554
792377380 948419461
1340448813 2560800224
223965880 910944253
1340448813 3708123200
1081813048 2998282411
1340448813 2609002844
1822964588 2326231225
3752042396 1475531463
1340448813 1272094907
1499385911 2564239160
1021176825 3584515222
3261364035 3014195966
2504621536 792377380
1021176825 2698600022
825065067 1444914361
3261364035 3431372018
2610393710 2942023927
2038818709 1122216070
2940173424 1677831803
3581005070 1920716195
94068836 270712323
3261364035 2743369279
3261364035 3582925700
3238737443 2725139111
2656307026 1901879951
2180517885 1447633348
3302377851 583140290
3986234415 2169751688
3473274773 2545721648
682251238 3171158466
3018048746 2017286383
3075899196 4078671913
605111791 2984073036
497823515 1668294490
3986234415 3030026502
1135864229 2439251794
277021971 2906661765
1081813048 619109967
1009728313 218100019
2737048853 3046447146
1340448813 3640325101
1340448813 985871242
4216437926 1457721693
1059266190 641768084
2159557275 883307035
3489927167 250770904
1153608495 4274593195
2088505491 3907709563
1398289256 3947267395
3130011131 2724597077
2852290363 4114312677
2174551653 104172581
1491117101 633142177
809559118 1003354082
3762696695 1739585015
2610393710 2999704627
3499699385 2193317405
2905792919 2920122288
4235823761 3219012782
1808237776 1934813618
1081813048 1348632407
2732748581 4015476050
1703115264 2666573906
3009704729 3992297274
96158727 578790175
4216437926 4288264332
1153608495 176992674
3500321646 3079918908
2852290363 1227464992
86908171 1209336709
457039388 3306601867
792377380 2160990418
2979561293 3017120767
3547959071 3056284046
1081813048 2932903535
3238737443 593079794
1334720483 3243103522
1340448813 321195594
520468506 2951407045
1340448813 1237976991
86908171 1771487152
2979561293 4165053021
1721581339 188352582
1021176825 1915439946
2852290363 3823137332
1340448813 310599273
3131736694 767359154
2333309531 1338704607
3430998595 1063838964
990639264 1216215087
1340448813 2867739109
1340448813 4047674366
2879147703 4234685710
909152195 48958674
884014135 1050234418
3539142232 2092268919
2732748581 385949426
2795369800 1823172618
2940173424 767359154
3581005070 1116402154
651580215 2503599086
3387798839 3180975129
3261364035 186560114
3261364035 3527769542
1510245714 509243357
2820743944 1400580098
3539142232 26303742
3966427981 2362125986
3795235906 1444914361
2940173424 2839387908
3439642798 313455084
4246258627 2621797972
3762696695 1591407030
2585596604 2321598990
1057345272 1118118009
1153608495 3744244856
517728797 1388538184
2920122288 2364036626
2174551653 1867769434
3130011131 3239907666
3937779464 3695193943
1340448813 2140148763
3607538910 2238762776
1301687150 2181358915
366497362 590417531
3315277650 1790877678
203674562 7848869
3794378596 667882070
1840204960 2478547593
1081813048 521448403
2088499307 2079630435
2174551653 1090040562
3400346230 1338704607
2164001624 4231242018
1382414851 1914153478
2100701010 2633169225
1340448813 4242777858
3636841290 2452793012
1340448813 3069441994
1732329416 648323277
3682544399 1046390817
1398289256 3282047792
3962323543 2391206098
4242627507 792377380
578175192 359465041
1867769434 104172581
2047090128 2621610844
2883515163 2621820310
909152195 2047476729
3434288208 460462003
4258170047 2884431587
3302377851 2701383337
1398289256 1272352013
3430457363 3234146882
3550254136 2913047684
1572757467 2214699725
4018024232 231799823
3153451296 790640453
2879147703 3772615787
1732329416 3922986449
1081813048 3876340531
2480672237 3696405687
305243847 2615829594
3581005070 828755410
4018024232 231799823
1081813048 3348158229
1657273091 509583497
1398289256 795084304
389947152 3018663256
3015605805 605583727
651580215 3141016778
3542157605 3418149098
389947152 4083508712
1822964588 730842717
4235823761 397844147
2293028524 2148536029
1340448813 2362005247
1340448813 3030734252
2079771168 1188943053
990639264 3993997756
1499385911 1557896870
1398289256 2236815578
509583497 1771335333
2629692410 2905792919
4223013389 3431835299
1235883760 3564544841
2610393710 622243177
2951096038 829597498
94068836 2407456019
2472382440 3258321021
4082338623 2838670116
3852011591 1874821020
1340448813 3325861757
2920122288 26341058
1177453459 633142177
3993997756 1188801388
1499385911 2884431587
3163101224 216956438
568950035 791800777
2852290363 2943425558
593715925 167349735
3539142232 2403413157
104172581 3961344154
1424425325 964394804
1398289256 1500410850
3217761355 1913328318
2820743944 2668011820
3524073752 2330703402
1340448813 4026960282
1340448813 1498431921
1177453459 1491117101
4235823761 3582925700
1340448813 1463732931
1081813048 1557330722
1340448813 924337142
517728797 3050324117
1081813048 3641328285
1818795345 3750152656
1732329416 2210119908
4258170047 2564239160
2005158187 2753567449
1703115264 426642594
3302377851 2743439511
1931168558 1787084042
1340448813 351383240
2700890355 4031242888
1340448813 4044801498
2726393878 155005153
3315277650 3066045888
3696405687 3267725165
3122829079 3674526615
2339552630 4208117241
4235823761 711807343
2920122288 2107560018
2905792919 1338704607
1340448813 4159112234
964334558 1822550336
1081813048 308142087
2504264511 72191147
1398289256 65182842
3368924522 2357090539
2982476288 3568139515
255884296 2241363947
3539142232 773029507
3015605805 573660550
2907244061 1357996711
4258170047 1372016927
3234664507 4286648896
1081813048 3589383972
2982476288 3650507566
1712431932 2868197496
95976880 2605254985
1732329416 3317858849
1153608495 373491573
1444914361 2180517885
568950035 3138213191
1021176825 2368112764
1081813048 1866095067
3762696695 872176539
1761208520 1436680930
1398289256 3641421581
3669355940 2564239160
1340448813 894454375
2875946887 280852703
1340448813 3135006196
3782484304 767359154
1246774840 1779365388
3696405687 2996633428
4235823761 1790877678
968866161 3972515913
3261364035 872176539
517728797 3260493561
3993997756 1920408372
4250894340 2605254985
1027624198 3135245960
1280093061 3537013031
3222427566 2303598914
3114369700 3726847628
3430457363 1268396592
1269901998 3211600329
2338933296 1806349649
3794378596 4174876300
2739374744 359465041
4221606037 2108445575
1591323570 2605254985
2920122288 1224529476
3578731321 3177617759
3794378596 4234062878
2293028524 1549950349
1346440804 2110066888
1340448813 3806637856
2521618321 334960735
2199076692 897524282
3543634003 1921415182
1840204960 948168410
1090040562 138186208
1398289256 1515816614
2820743944 43232287
3762696695 1834770047
4060584153 646463196
1340448813 172993343
2809634619 2148536029
2920122288 3240343643
1153608495 3484094859
1340448813 2481687257
1649288546 2091261271
2820743944 2139950535
1240893309 1360491887
3971471623 215421983
3993997756 1233764785
1301687150 2459841883
1340448813 1980859943
3661632846 3020816598
3597123529 2847622439
517728797 3808102956
1689236373 1234362821
4099974797 460487146
3261364035 3092046076
3762696695 1368138629
2739374744 359465041
3336443373 2040352806
3602947293 2082127374
3762696695 2696838783
1340448813 3154329226
2088499307 70926100
1081813048 712616414
1867769434 2646902646
1038788429 3281009658
4235823761 2225178818
2072001588 446076995
1398289256 312866270
1226519019 2736731474
2047090128 739856409
1027624198 2777088755
1931168558 3567826913
3368924522 2357090539
1398289256 522376943
1398289256 1331103514
4235823761 1387170865
1336836617 2469079259
1340448813 1545469232
1834891491 3794378596
2820743944 4253771490
2852290363 2599096587
3293993010 1444914361
1398289256 63239900
3439687605 2702621335
2269529637 1095397161
1336836617 1185890779
1761208520 1843065138
3315000208 2789347784
1340448813 1473780568
2982821238 2221361304
1340448813 3740319306
1398289256 1342489727
2820743944 12131590
1759319206 1027624198
2150727439 3510157760
2915917886 1150320304
1081813048 3145065822
3163101224 3484094859
2321598990 4154028833
1447631162 2238496583
1170992308 1331237187
3183006194 2975730219
4232841719 2590166245
1398289256 876489139
2910698708 231289829
1901879951 2565884775
1340448813 484108675
94943236 1695752881
3794378596 641768084
3302377851 2475780617
1340448813 641371646
1637265727 3059707106
104172581 1199775787
1681603123 3427824982
1177061635 2905792919
825065067 2605254985
1340448813 453023752
3993997756 1920408372
2546860046 3948826542
3122829079 1802369305
2629692410 2796107904
3113297345 3994894424
4258024504 2518523308
970018742 1429611839
3661068044 3299211612
207181795 3348686996
1021176825 1262569351
1334720483 2322990153
1564708302 2605254985
509583497 2556985390
3543634003 3861118407
2106045421 1937124445
4235823761 3130369120
1021176825 376168196
1340448813 3361478333
1334720483 1596012841
1761208520 3014170635
1499385911 4257885979
1340448813 1916188567
1398289256 1413545233
3302377851 2996039342
3762696695 3035264129
3966427981 137200281
3315277650 20497963
1591323570 2605254985
1499385911 1954236069
517728797 3612657954
1398289256 1317709396
3761813038 2960653981
1499385911 2717821757
3762696695 865905008
1059266190 2152265909
815595696 2950112207
1340448813 180983232
2148536029 1327300555
1444914361 4121128106
1340448813 4186000234
71031856 2956456384
1969277956 2653567310
1081813048 2433424665
2174551653 1802369305
3653692790 4062251240
1153608495 1804240848
3762696695 3582925700
1340448813 1468955895
602023308 2632916725
1153608495 910016394
1340448813 3237266230
1935672436 3971691139
2610393710 4284782570
3315277650 2169276959
3183006194 2542561097
1340448813 1553436509
2197521714 1044624467
1334720483 1237024051
3762696695 1051373260
3234664507 359465041
578175192 3104882283
3163101224 2140879762
3430998595 3814817071
1444914361 301310451
2960653981 1210400900
3030026502 2521384581
3183006194 647162801
1361592541 1876273669
2805455147 1898158287
4223013389 636902660
2952099571 590614910
3539142232 2866732958
578175192 2701383337
1398289256 4099974797
218710235 2988670230
1340448813 843836997
3066321666 2188380923
1015625076 788079687
1027448907 210371509
3468404999 1409650286
908305072 4195761700
4223013389 2148791247
2338933296 231799823
3283724536 4123135758
1732329416 2502348229
517728797 2038818709
4235823761 1685822257
2180517885 4062014359
1398289256 4137543513
1491117101 1177453459
590417531 1473108176
1398289256 1453779013
4235823761 1961750017
1398289256 4254275518
1822964588 3529002306
1340448813 3550910944
1889609052 2551443597
3238737443 1036975254
682251238 35337999
1637265727 2102910240
1424425325 1308396858
1340448813 1651079406
1340448813 865863801
138686700 1353835796
126922420 4018024232
1153608495 446076995
3794378596 9919959
1346440804 3991513887
3306965897 4139665829
4113098122 4200403068
1335603331 1634752419
3602947293 3674526615
1398289256 3870551221
1703115264 393410237
1081813048 3396066786
1081813048 1457647362
3430457363 1282423543
1021176825 2749270774
1153608495 1690851652
509583497 1202625302
1153608495 177130391
1021176825 1851636447
1398289256 2689778889
1398289256 690560324
3238737443 203674562
792377380 3267725165
3539142232 3438927409
3993997756 1911249419
1901879951 1561201083
2197521714 3941879405
2960653981 1084864596
1153608495 216956438
3859953748 3794603558
2079771168 3443235526
2180517885 2676074067
2982476288 2613820933
1340448813 3304914972
255884296 3185716189
214515935 3706347623
2805455147 29018885
1081813048 4016607992
3575450627 4083076520
4018024232 336364539
2159557275 1456862778
1081813048 2951676227
1177061635 3696405687
1340448813 3239890182
2979561293 1664259184
307492277 192707574
1447631162 1239536121
1244169047 1697286041
3163101224 3911885488
218710235 2988670230
3762696695 2218634807
1499385911 2389881313
1081813048 380286674
2339552630 2768394978
2905792919 3267725165
1867769434 1338704607
1051267180 1153608495
1059266190 208530402
1081813048 608919574
386270219 2323785987
1340448813 1211449737
1340448813 3162003302
2979561293 2836417775
3762696695 2946675747
56316880 1107194050
3682544399 1563633909
1958652033 697359260
3529889022 2617594755
1214734401 2584917071
3962323543 215224791
2333309531 1960517909
1081813048 3474503678
1444914361 2148536029
1340448813 2439868725
2088499307 2091421860
1340448813 2306107239
4235823761 1165607074
1340448813 3748032737
1340448813 2470619598
1970416253 289766027
593715925 3126233571
1184652900 1382414851
3993997756 3115984836
189209333 2105168287
919172214 1265115726
3777098568 3950510888
2470615068 2674148063
1340448813 450448881
4235823761 309582031
2727918083 3728818732
1051267180 3302377851
1153608495 71031856
2866371674 3122566470
2321846640 724493843
1398289256 1983428761
3261364035 267155164
3986234415 2189778761
2852290363 4261281236
1398289256 217302442
1340448813 2143629941
2629692410 3061453977
3163101224 35477949
2294502518 2703755659
1398289256 619843771
3329454597 2276235628
2777693378 1836792227
2079771168 3563136487
1712431932 3827399931
4235823761 4160287902
403687490 3643084570
4235823761 373625896
677316649 1147150669
1340448813 3851139355
2820743944 702714016
1081813048 4240331642
865487652 446076995
3502114791 601298594
1301687150 1160004494
652133299 2376321317
1544740440 2114264055
3539142232 996266721
2739374744 359465041
864547308 3170830294
951992806 3484094859
3009704729 4180154389
964542390 3920058056
1834891491 4174876300
3020816598 2544191009
3315000208 2009425110
3400346230 1338704607
3539142232 1697918816
3074525263 3591918099
1340448813 269210872
951992806 3484094859
3163101224 799760494
1946155771 2160631772
97297431 555503575
2920122288 3442824922
990639264 2070670895
1398289256 63239900
2852290363 4278380489
908989584 293535834
3794378596 394275030
367696382 1514018225
1946155771 3430998595
3315277650 3007694821
2199006608 2875946887
1340448813 4283627315
3302377851 2566214590
108580513 2350781939
2847366021 1618134174
1107089726 2793343425
2820743944 844067662
2504621536 4217296334
2920122288 1128553171
2460452968 1125654721
2852290363 2024181551
1340448813 82450896
1340448813 2140148763
3543634003 3943011083
1925917761 1867110495
3430998595 3347512758
3794378596 208530402
3696405687 1573483740
3794378596 4234062878
3539142232 717119703
1340448813 1192167472
1153608495 684806238
3415550327 2656307026
4258170047 1372016927
1554665901 3302377851
1170758609 1283917176
86908171 1542325195
2732748581 2287489317
1152454900 709650508
1808237776 1918541746
3030026502 2656307026
3714820269 3959513934
3243514885 2152265909
1087978313 2562731118
2895520305 2019370456
1081813048 1991686327
4223073055 2989861731
1444914361 2786083990
1059266190 1969277956
1340448813 3054424047
1732329416 558374284
1081813048 4148396933
4235823761 3495323843
3302377851 85764139
3502114791 3589221427
4235823761 3415550327
2700890355 3181149005
4235823761 499438176
94843735 177786376
3993997756 3548994177
1969277956 2428836443
105445828 4114829178
1081813048 1660125441
3962323543 4099974797
1183886598 466307212
2515486175 3838468013
1398289256 2389400417
1625118526 1443685753
3762696695 1476298365
1340448813 61050794
1340448813 85907649
1340448813 1554353236
2180517885 1765209073
1340448813 1875267033
3138570213 4061568113
1177453459 1491117101
232146487 273155367
2521618321 2521618321
1398289256 543192636
815595696 392999464
3261364035 309582031
3009704729 544998175
1382414851 2148536029
2875946887 1153608495
590417531 3820124165
522818187 3666260352
1969277956 3708048084
1808237776 3812172766
2773331932 2728316370
4099974797 1302376340
1021176825 424058434
2188520354 359465041
1340448813 3225254257
815595696 2063576742
1340448813 2132260348
2180517885 364939233
1021176825 3136025170
2852290363 782657800
3543634003 1571902573
354383719 1237401693
3302377851 2742160853
1336836617 2984286380
1021176825 2066904673
1340448813 1626972550
1340448813 592760770
1340448813 1566643958
4235823761 650786627
1340448813 1196952657
2038818709 517728797
3430457363 1578029842
2866371674 2749278446
1808237776 2407078479
1725820418 1157769918
3133175967 2715322485
186828666 717201539
1340448813 2567458188
2820743944 1912925412
1153608495 4163335598
3762696695 1663013636
4235823761 3935706732
590417531 2786083990
1340448813 1603993702
2132188430 2451935076
568950035 2507431779
651580215 4023910973
760744457 1909601434
837014644 1717564645
4235823761 2314399864
3306965897 50253770
990639264 1090040562
1889609052 2726961848
1081813048 89730694
86908171 382203156
3539142232 1287622317
3302377851 2921159239
2777693378 979445681
1246774840 3514499187
2949934694 2188520354
2820743944 2038498263
1340448813 2185892227
1081813048 3214021415
3123279948 2605254985
1340448813 4035593194
2333309531 3661632846
3534642217 3634814641
223654448 1891549174
1398289256 1687385797
633142177 2984073036
3529889022 4036520485
2875946887 3766453453
525279812 1223746150
1153608495 138686700
605111791 1689236373
4099974797 2677480366
682251238 945078451
1081813048 749709838
1039113211 215421983
3581005070 4204273074
517728797 184637308
1314439172 3946071076
4235823761 1976880948
651580215 2188520354
3859953748 644118888
3728984689 1844405195
1398289256 1448354785
3906457842 121317781
1340448813 2056301157
4018024232 231799823
1117393021 3079918908
1398289256 3294079621
3696405687 3267725165
4189398137 910986292
567361775 3863104893
633142177 2754748542
4235823761 3352871174
2895520305 2019370456
2338933296 231799823
1398289256 3670518079
3302377851 4240457642
1340448813 87326181
2295938859 1177061635
1340448813 3906404768
1021176825 3984962719
1703115264 3710344574
4235823761 3836837354
397824782 2972809282
104172581 3736551489
3675926878 333238030
1969277956 3794378596
104115163 243400801
1265074149 2239410875
3782484304 2839230502
1081813048 3434369433
1081813048 1536481585
1398289256 2797645904
1360491887 1625881928
1081813048 2120736852
1153608495 126922420
1081813048 3389591810
3030026502 3143608748
3302377851 3400207392
2979561293 4195425926
3661068044 2024920
2774759073 2584808126
2875946887 1447631162
3993997756 2027480825
2852290363 1487275540
593715925 3386549581
1340448813 2860507434
1340448813 1485006292
2023150801 4120988997
94068836 2819997339
3439642798 1234540357
3041634374 2489618975
2705568660 2605254985
1340448813 3424950444
3529889022 206931858
522818187 3666260352
3986234415 1040936900
3302377851 3969670702
2611174947 1811356820
3966626836 3315000208
1081813048 4294785820
1444914361 2094112733
3993997756 3906933349
3138570213 2969564835
856688246 3696405687
2506612473 607614689
2290555564 2605254985
2979561293 499438176
1840204960 2478547593
2918391890 1881937097
4235823761 1359677673
1081813048 3714562311
1081813048 2072402051
1499385911 459501720
2797615647 3908676852
1818169594 546092133
1205188720 1766512163
116986941 310399431
1340448813 2781163816
1901879951 857710991
3995011437 1760126837
1346440804 2110066888
3575934726 2295717886
3661632846 625852879
1340448813 3500087958
1398289256 2306107239
1340448813 4023424895
1963074595 136241498
1499385911 2823863469
2951096038 1492733835
3384665572 3510157760
1081813048 3408338108
2282519479 3155860530
1340448813 2851579985
1340448813 1129122636
2795369800 2914968171
419086169 3935525215
2920122288 529679762
3142642291 1834891491
1340448813 4046747001
1153608495 408112353
2920122288 3333910186
2629692410 3810495417
2820743944 1021705459
2929781189 1918360423
2088499307 3836273602
3471358023 2024278710
1398289256 659884530
1557857218 3968600645
3302377851 3512403378
2515486175 972918523
934505944 1960517909
1340448813 3578992372
3302377851 4292224587
1440181142 3283663431
792377380 948419461
4018024232 231799823
3661068044 2835023104
1340448813 944193391
2496971623 155261650
2926196935 245988824
1340448813 394977919
919172214 1265115726
2088499307 1370165834
3918054591 3918054591
1340448813 4150263647
568950035 2346506695
3315277650 3130369120
2463340328 2739374744
3993997756 1757803528
3163101224 2123852635
1560156060 1353835796
3542157605 2605254985
1447631162 882222457
1544740440 4288404653
1340448813 3851139355
1340448813 2275605613
3586314815 1261303285
1398289256 3011211994
1889609052 620795351
2820743944 50690462
1447631162 1855625966
2920122288 2252780542
2777693378 1102944016
2739374744 359465041
2852290363 1335956027
2879147703 3202184468
1834891491 4121273086
3986234415 2047090128
1808237776 1934813618
3302377851 1404586372
1153608495 3667182669
633142177 257726038
2940173424 3546391202
2952099571 2252076345
1081813048 1054938594
307041622 1834891491
2824104670 1146730214
1340448813 2455459684
2775722555 1623103711
3966427981 3175595537
3302377851 3070523597
4060584153 40630970
3329454597 3215486202
951992806 599171564
1889609052 3400346230
1746364428 3142642291
1732329416 2579358560
1144596411 3904228177
1746364428 1425340498
517728797 449074260
1177061635 2905792919
1342347850 7848869
2895520305 302780218
987740931 3967422596
2700890355 1382414851
4223013389 2331995953
1326875789 2650638446
1732329416 2415598507
4235823761 1198572704
1153608495 3395374444
1183886598 654317547
2088499307 2859409667
4007959744 2165164371
1340448813 3771195747
3385853567 2221205023
1153608495 3572039568
884535879 2975730219
1340448813 2736093930
724927087 2709924486
1081813048 1537732373
3581005070 1253950340
854217859 1947866850
3581005070 1197745152
568950035 1780228425
3764036380 866220552
3430457363 3317858849